0.95 -1e-07 484641 6.06833 
0.96 -1e-07 476119 6.06789 
0.97 -1e-07 468494 6.06729 
0.98 -1e-07 460586 6.06665 
0.99 -1e-07 450231 6.06608 
1 -1e-07 432530 6.06485 
0.95 -1.8e-07 453862 6.07271 
0.96 -1.8e-07 447361 6.07206 
0.97 -1.8e-07 441072 6.07131 
0.98 -1.8e-07 433106 6.07072 
0.99 -1.8e-07 423388 6.07006 
1 -1.8e-07 412241 6.06797 
0.95 -3.24e-07 432234 6.07803 
0.96 -3.24e-07 427513 6.07699 
0.97 -3.24e-07 421666 6.07615 
0.98 -3.24e-07 414966 6.07525 
0.99 -3.24e-07 406789 6.07417 
1 -3.24e-07 401521 6.07074 
0.95 -5.832e-07 401247 6.0918 
0.96 -5.832e-07 397338 6.09032 
0.97 -5.832e-07 392560 6.08902 
0.98 -5.832e-07 387327 6.08748 
0.99 -5.832e-07 382784 6.08484 
1 -5.832e-07 378926 6.0808 
0.95 -1.04976e-06 323261 6.16017 
0.96 -1.04976e-06 319584 6.15859 
0.97 -1.04976e-06 315725 6.15673 
0.98 -1.04976e-06 312407 6.15379 
0.99 -1.04976e-06 309922 6.14954 
1 -1.04976e-06 307069 6.14481 
0.95 -1.88957e-06 249716 6.2617 
0.96 -1.88957e-06 247574 6.25823 
0.97 -1.88957e-06 245708 6.25391 
0.98 -1.88957e-06 243986 6.24901 
0.99 -1.88957e-06 242424 6.24342 
1 -1.88957e-06 239986 6.23812 
0.95 -3.40122e-06 211635 6.35844 
0.96 -3.40122e-06 211113 6.35101 
0.97 -3.40122e-06 210715 6.3429 
0.98 -3.40122e-06 209756 6.3363 
0.99 -3.40122e-06 208637 6.32967 
1 -3.40122e-06 207429 6.32128 
0.95 -6.1222e-06 162668 6.58658 
0.96 -6.1222e-06 162509 6.57705 
0.97 -6.1222e-06 162283 6.56771 
0.98 -6.1222e-06 162091 6.55781 
0.99 -6.1222e-06 161664 6.54867 
1 -6.1222e-06 161176 6.53668 
0.95 -1.102e-05 121543 6.92557 
0.96 -1.102e-05 121473 6.91499 
0.97 -1.102e-05 121470 6.90378 
0.98 -1.102e-05 121725 6.88989 
0.99 -1.102e-05 121639 6.87919 
1 -1.102e-05 121371 6.86644 
0.95 -1.98359e-05 84694.5 7.48117 
0.96 -1.98359e-05 84841.5 7.4666 
0.97 -1.98359e-05 84712 7.45754 
0.98 -1.98359e-05 84804.4 7.44438 
0.99 -1.98359e-05 84934.4 7.43031 
1 -1.98359e-05 85041.8 7.41355 
0.95 -3.57047e-05 50489.6 8.39879 
0.96 -3.57047e-05 50733 8.38045 
0.97 -3.57047e-05 50945.7 8.36319 
0.98 -3.57047e-05 51196.2 8.34467 
0.99 -3.57047e-05 51455.2 8.32546 
1 -3.57047e-05 51692.2 8.30425 
