0.95 -1e-07 479999 6.06812 
0.96 -1e-07 471560 6.06777 
0.97 -1e-07 463691 6.06729 
0.98 -1e-07 456626 6.06668 
0.99 -1e-07 448099 6.0661 
1 -1e-07 432619 6.06482 
0.95 -1.8e-07 449854 6.07244 
0.96 -1.8e-07 443750 6.07182 
0.97 -1.8e-07 437438 6.07119 
0.98 -1.8e-07 431678 6.07039 
0.99 -1.8e-07 423494 6.06977 
1 -1.8e-07 412304 6.06795 
0.95 -3.24e-07 428440 6.07771 
0.96 -3.24e-07 423858 6.07672 
0.97 -3.24e-07 419129 6.07574 
0.98 -3.24e-07 413665 6.07486 
0.99 -3.24e-07 406709 6.07389 
1 -3.24e-07 401459 6.07074 
0.95 -5.832e-07 397845 6.09126 
0.96 -5.832e-07 394262 6.08987 
0.97 -5.832e-07 390531 6.08843 
0.98 -5.832e-07 386196 6.08701 
0.99 -5.832e-07 382085 6.08484 
1 -5.832e-07 378868 6.08081 
0.95 -1.04976e-06 320235 6.15955 
0.96 -1.04976e-06 317224 6.15779 
0.97 -1.04976e-06 314411 6.15555 
0.98 -1.04976e-06 311765 6.15283 
0.99 -1.04976e-06 309309 6.14945 
1 -1.04976e-06 306578 6.14514 
0.95 -1.88957e-06 247337 6.26073 
0.96 -1.88957e-06 245589 6.25725 
0.97 -1.88957e-06 244255 6.25286 
0.98 -1.88957e-06 242681 6.24876 
0.99 -1.88957e-06 241233 6.24414 
1 -1.88957e-06 239438 6.23864 
0.95 -3.40122e-06 210546 6.35464 
0.96 -3.40122e-06 209748 6.34875 
0.97 -3.40122e-06 209002 6.34267 
0.98 -3.40122e-06 208636 6.33533 
0.99 -3.40122e-06 208058 6.32851 
1 -3.40122e-06 206997 6.32128 
0.95 -6.1222e-06 161741 6.58165 
0.96 -6.1222e-06 161549 6.57284 
0.97 -6.1222e-06 161194 6.56523 
0.98 -6.1222e-06 161013 6.5567 
0.99 -6.1222e-06 161132 6.54628 
1 -6.1222e-06 160905 6.53521 
0.95 -1.102e-05 121167 6.9169 
0.96 -1.102e-05 121019 6.90742 
0.97 -1.102e-05 120951 6.89748 
0.98 -1.102e-05 120868 6.88817 
0.99 -1.102e-05 120815 6.87881 
1 -1.102e-05 120983 6.86433 
0.95 -1.98359e-05 84878.8 7.46069 
0.96 -1.98359e-05 85134.2 7.44446 
0.97 -1.98359e-05 85054.1 7.43521 
0.98 -1.98359e-05 85042.8 7.425 
0.99 -1.98359e-05 84992.6 7.41609 
1 -1.98359e-05 85067.8 7.40336 
0.95 -3.57047e-05 50520.3 8.37764 
0.96 -3.57047e-05 50798 8.3584 
0.97 -3.57047e-05 51125 8.33727 
0.98 -3.57047e-05 51364.9 8.31945 
0.99 -3.57047e-05 51670.2 8.29973 
1 -3.57047e-05 51776.1 8.28577 
