0.95 -1e-07 503070 6.06941 
0.96 -1e-07 494270 6.06925 
0.97 -1e-07 480673 6.06934 
0.98 -1e-07 465328 6.06916 
0.99 -1e-07 445216 6.06862 
1 -1e-07 429904 6.06551 
0.95 -1.8e-07 463995 6.07509 
0.96 -1.8e-07 455351 6.07478 
0.97 -1.8e-07 445799 6.0743 
0.98 -1.8e-07 432342 6.07391 
0.99 -1.8e-07 422444 6.07202 
1 -1.8e-07 410926 6.06846 
0.95 -3.24e-07 435659 6.08205 
0.96 -3.24e-07 428268 6.08139 
0.97 -3.24e-07 421422 6.08006 
0.98 -3.24e-07 415681 6.07787 
0.99 -3.24e-07 411369 6.07479 
1 -3.24e-07 401360 6.07096 
0.95 -5.832e-07 402318 6.09651 
0.96 -5.832e-07 398971 6.09401 
0.97 -5.832e-07 395737 6.09117 
0.98 -5.832e-07 391944 6.08836 
0.99 -5.832e-07 387949 6.08505 
1 -5.832e-07 381216 6.07993 
0.95 -1.04976e-06 329385 6.16087 
0.96 -1.04976e-06 326837 6.1578 
0.97 -1.04976e-06 324415 6.15425 
0.98 -1.04976e-06 321297 6.15095 
0.99 -1.04976e-06 317381 6.14735 
1 -1.04976e-06 316476 6.13682 
0.95 -1.88957e-06 257753 6.25976 
0.96 -1.88957e-06 255434 6.25657 
0.97 -1.88957e-06 252869 6.25318 
0.98 -1.88957e-06 249906 6.24952 
0.99 -1.88957e-06 246376 6.24509 
1 -1.88957e-06 243345 6.23652 
0.95 -3.40122e-06 218440 6.36136 
0.96 -3.40122e-06 216640 6.35712 
0.97 -3.40122e-06 214746 6.35192 
0.98 -3.40122e-06 212408 6.34658 
0.99 -3.40122e-06 210635 6.33765 
1 -3.40122e-06 208648 6.32651 
0.95 -6.1222e-06 167985 6.59628 
0.96 -6.1222e-06 167764 6.58382 
0.97 -6.1222e-06 166648 6.57517 
0.98 -6.1222e-06 165703 6.56405 
0.99 -6.1222e-06 164672 6.55174 
1 -6.1222e-06 163453 6.53669 
0.95 -1.102e-05 123607 6.9629 
0.96 -1.102e-05 124020 6.94356 
0.97 -1.102e-05 123978 6.92716 
0.98 -1.102e-05 123914 6.90877 
0.99 -1.102e-05 123562 6.89048 
1 -1.102e-05 122704 6.87264 
0.95 -1.98359e-05 85134.6 7.5388 
0.96 -1.98359e-05 85578.2 7.51793 
0.97 -1.98359e-05 86014.1 7.49492 
0.98 -1.98359e-05 86175.8 7.47399 
0.99 -1.98359e-05 86494.5 7.4451 
1 -1.98359e-05 86681.8 7.41244 
0.95 -3.57047e-05 49197 8.50127 
0.96 -3.57047e-05 49352.5 8.48904 
0.97 -3.57047e-05 49808.1 8.4643 
0.98 -3.57047e-05 50062.8 8.44367 
0.99 -3.57047e-05 50504.4 8.41145 
1 -3.57047e-05 51029.5 8.37002 
